294
304
308
310
292
330
282
J23
K04
403
302
025
107
061
199
286
309
119
276
305
279
019
269
691
024
117
471
E24
003
203
J78
253
313
073
026
170
210
234
237
243
284
285
291
298
303
312
328
031
160
035
296
289
331
462
525
020
300
105
287
131
522
996
399
801
384
390
941
410
134
297
439
J72
942
B54
148
442
713
047
738
879
281
E76
018
188
556
357
198
192
137
321
187
754
060
097
182
283
338
435
440
557
878
144
631
935
277
295
311
900
074
463
844
132
173
250
368
562
048
D40
082
096
219
409
427
238
529
564
290
244
530
605
759
971
052
065
374
C98
504
231
630
066
441
067
242
288
391
931
027
293
301
925
758
078
232
678
823
128
202
594
920
B18
F98
021
233
591
796
913
B02
046
278
670
745
972
B00
B82
017
162
147
K06
167
224
452
737
A48
071
229
317
006
022
189
070
072
076
083
327
702
751
095
464
753
875
362
D31
007
099
363
492
A99
127
B25
B29
280
450
458
621
049
080
126
150
171
177
201
211
299
428
711
749
752
755
761
764
837
877
880
908
911
916
981
