294
304
308
K04
282
310
286
K53
025
061
119
302
309
199
107
292
303
284
243
024
285
298
073
234
L17
035
403
134
277
313
J78
026
312
564
269
117
280
289
300
305
020
283
328
399
441
003
525
131
148
160
276
287
296
250
522
L16
105
170
187
253
J23
281
291
439
996
K54
556
019
964
290
713
203
B54
144
297
529
018
E24
357
031
137
188
338
L02
557
162
210
530
082
A08
E76
317
897
D40
908
368
384
065
F98
060
745
033
237
027
097
182
311
321
327
462
631
017
070
301
D31
390
920
074
442
071
463
751
132
844
279
381
410
562
049
231
238
581
749
435
B82
099
189
232
925
021
796
052
738
373
217
458
759
883
K06
128
331
066
022
095
219
241
278
288
758
A48
931
047
181
427
612
173
913
942
B25
007
029
374
147
053
471
478
504
630
691
048
737
878
006
067
127
224
229
391
492
837
C98
D11
J72
167
192
202
466
670
900
083
293
295
362
551
A69
B00
464
594
941
L03
078
621
823
040
054
080
935
211
911
A99
072
171
177
244
409
450
753
875
B02
242
299
306
801
076
150
198
233
559
605
981
201
428
B18
B29
046
096
126
330
363
440
452
591
627
678
702
711
752
754
755
761
764
767
877
880
916
971
972
L10
L18
