294
304
308
286
310
282
025
119
303
309
285
441
300
199
281
390
073
290
020
313
003
061
279
298
302
305
019
134
148
243
321
105
160
269
312
026
435
289
296
031
463
018
277
278
170
210
237
522
B82
250
162
363
942
049
900
908
996
137
384
297
911
338
291
357
562
192
678
844
046
374
F98
J78
368
749
925
B54
047
754
219
035
530
875
072
409
935
017
052
058
082
131
327
427
556
702
801
941
B02
D31
173
288
738
796
048
737
B18
095
317
753
823
C98
060
074
605
837
E76
229
253
529
591
452
751
755
232
630
920
147
006
071
127
201
442
764
B00
099
464
621
972
007
021
027
080
126
295
144
244
631
A48
A99
066
362
076
083
150
198
202
231
301
450
594
711
752
761
877
916
