304
308
286
282
061
302
309
025
298
119
199
279
019
303
305
277
368
073
134
285
160
296
317
313
170
148
243
269
300
312
003
289
435
237
281
031
290
310
J78
020
071
399
288
529
074
278
996
066
052
047
900
384
E76
551
327
749
082
702
271
941
627
A08
301
017
427
837
049
192
738
321
591
751
F98
612
942
065
651
373
925
C98
018
027
033
035
210
231
381
522
556
B82
021
126
131
162
232
374
441
562
911
920
935
048
173
253
297
737
026
062
452
908
007
211
711
823
A48
B94
D31
042
053
150
390
605
875
972
046
072
147
250
758
964
244
295
B02
058
293
478
877
A69
B00
B54
D11
029
137
198
201
219
E63
045
060
755
844
L03
006
229
409
584
594
099
080
306
338
530
678
764
144
362
B18
202
450
A99
095
076
291
294
363
083
796
621
631
752
098
105
127
442
463
464
630
753
754
761
801
880
916
K53
L10
