160
018
237
498
439
026
132
964
033
181
316
306
A08
A77
581
651
897
968
627
076
471
564
156
562
E63
381
G09
021
438
887
A69
208
C27
530
559
880
219
221
373
603
878
883
903
086
241
612
938
A74
546
045
052
029
553
713
D56
198
416
823
145
197
030
059
405
492
G10
062
238
A83
A59
266
799
535
411
748
969
447
118
A81
101
046
645
A95
B42
A75
741
K40
252
619
038
668
G12
325
058
703
135
329
358
541
881
A76
461
051
636
341
346
414
433
790
B48
G13
154
589
714
352
882
D07
953
056
094
098
100
157
167
314
632
802
824
827
830
879
993
040
041
116
146
190
259
421
425
592
865
H58
063
222
242
453
999
B24
022
271
406
764
B13
418
617
E64
065
161
466
537
584
607
B94
E83
G22
016
424
542
712
196
432
846
005
758
810
B46
755
K41
138
200
217
396
639
A10
E25
J81
K05
057
209
480
701
852
F74
595
B00
E23
G07
147
955
B12
K01
214
423
687
728
G11
G23
055
430
456
J47
754
A58
112
251
293
680
868
873
G24
174
510
753
884
A18
J49
335
602
K00
K11
064
184
336
428
527
590
874
A49
J36
004
644
746
962
976
531
A17
B20
B32
G20
455
598
679
761
791
798
851
A61
A93
151
322
467
469
548
609
B35
J26
J53
658
947
952
A89
B72
015
079
095
459
547
580
652
752
854
D53
K19
036
110
876
979
A12
B40
106
576
659
695
B88
G15
104
604
649
832
853
A41
B28
B76
C28
323
872
989
B17
E47
044
050
053
054
068
075
081
089
091
103
109
122
127
159
175
193
207
223
228
246
340
343
353
404
429
457
473
476
478
500
502
523
532
551
552
563
596
611
620
628
654
666
671
677
696
699
707
719
729
757
759
765
766
767
768
772
800
817
820
839
840
842
857
858
892
894
927
958
966
992
A06
A14
A15
A32
A50
A78
A80
A92
B21
B25
B29
B31
B33
B39
B45
B55
B67
B68
B92
B96
E86
J52
K02
K42
